0x80000000 0x80000000 5 5 2 4 6 8 12 14 10 16 18
0x80008000 0x80008000 4 4 2 4 6 8 10 12 14
0x80808000 0x00808080 5 6 2 4 6 12 8 14 10 16 18 14 20
0x80808080 0x80808080 3 3 2 4 6 8 10
0x88808000 0x08888000 5 5 2 4 6 8 14 10 12 16 18
0xa8808000 0xaa2a2a80 5 7 10 8 12 2 12 14 8 2 16 10 20 18 8 22 24 2 16 4 24 6 28 30 26 32 34 24 36 16 38 12 40
0x88808080 0x88080808 5 6 6 4 12 2 8 6 16 2 10 4 20 2 18 22 14 24 26 6 28 2 28 4 2 32 30 34 36
0x2888a000 0x2888a000 5 6 4 10 6 8 14 12 2 16 18
0xe8808000 0xf7788000 5 6 6 8 2 4 12 10 8 6 18 10 20 14 16 22 24 10 26
0xa8808080 0xa8202020 5 6 8 10 12 6 4 14 16 6 2 18 20
0x88808880 0x08880888 4 5 2 4 6 10 8 12 14 10 16
0xe8808002 0xbd686868 5 7 6 4 10 8 14 6 12 16 4 2 18 8 22 20 2 24 14 2 26 8 30 6 32 20 8 6 36 4 34 38 28 40 36 2 42 26 46 18 48 44 50
0xaa808080 0xaa808080 5 6 2 10 8 12 14 4 14 2 4 2 14 6 22 20 18 24 16 26 28 14 30
0xe8808080 0x7e686868 5 7 10 8 4 2 8 6 16 14 12 18 20 10 22 2 22 6 24 26 6 4 30 2 28 20 34 10 36 32 28 4 26 14 40 42 38 44 10 4 46 28 50 20 52 48 54
0xa8808880 0x2208a208 5 7 4 2 6 4 12 14 10 8 18 6 16 10 22 8 20 24 16 8 28 14 6 2 26 10 34 8 36 32 10 4 26 16 42 40 38 44 30 46 48
0x88888880 0x08888888 5 6 2 4 6 12 8 14 10 16 18 12 20
0x88888888 0x88888888 2 2 2 4 6
0xe9808080 0xea404040 5 6 4 6 8 10 14 12 2 16 18 12 20
0xa880a880 0x2a802a80 4 4 4 6 10 8 2 12 14
0xe1808880 0x73d28c88 5 6 2 4 10 4 14 12 8 16 18 10 6 2 20 22 18 12 26 24 28
0xea808080 0xea808080 5 6 4 6 12 2 8 10 16 2 14 18 20 2 22
0xa888a080 0xa28280a0 5 6 6 8 12 10 4 2 14 16 18 6 2 20 22
0xe8808880 0x13284c88 5 6 2 6 12 2 4 14 12 8 16 10 20 4 18 22 24 16 26
0xa8888880 0xa2220888 5 5 6 8 4 12 14 4 16 10 2 18 20
0xa8e0c800 0xaae6da80 5 7 10 4 6 12 10 8 16 2 14 10 20 2 18 22 6 4 24 14 28 26 20 8 20 6 32 34 30 36 38 24 40 2 42
0xe8818880 0x58d87888 5 7 10 8 6 4 12 14 8 2 6 18 12 2 16 10 24 8 26 14 6 2 20 16 32 30 28 34 22 36 38 20 40 16 42
0xe8a08880 0x8c88ac28 5 7 6 2 8 6 14 4 12 16 18 8 20 4 20 22 6 4 24 10 28 8 30 26 4 2 18 10 36 34 6 38 32 40 42 24 44 20 46
0xf8808880 0x8880f880 5 7 10 6 10 12 2 4 10 8 16 14 20 18 16 6 20 12 24 26 22 28 30 16 32
0xe8888880 0x9ee8e888 5 6 6 2 10 8 14 12 4 2 16 18 20 6 22 4 6 4 20 10 28 8 30 26 26 2 20 8 36 4 24 32 34 38 40 42 44 20 46 4 48
0xe880a880 0x4268c268 5 7 8 6 12 4 2 14 10 8 18 2 18 4 20 22 16 4 26 2 24 16 30 6 16 6 34 2 32 36 28 38 40 16 42
0xe0a8c880 0x16704c80 5 7 8 2 4 2 10 6 16 14 12 18 20 6 22 2 10 8 26 6 28 14 24 30 10 2 32 20 36 34 36 10 8 6 40 42 38 44 46 32 48
0x78888888 0x78888888 5 5 6 8 10 12 2 4 16 14 18
0x6ac8e000 0x4966bac0 5 8 2 8 4 6 12 10 14 2 16 18 10 6 12 8 24 4 22 26 28 20 30
0xbc88a080 0x372840a0 5 7 2 4 12 8 8 4 12 10 18 16 14 20 6 4 8 2 12 4 28 2 26 30 24 32 34 22 36 14 38
0xb884a880 0x5208d288 5 6 2 4 10 12 14 8 6 2 16 18 14 12 22 20 24
0xeca08880 0x7ca00428 5 7 8 6 12 4 4 2 10 8 18 6 20 16 14 22 24 10 26 8 26 6 30 16 28 32 34 10 6 2 34 24 40 16 38 42 36 44 46 34 48 26 50 14 52
0xf8888880 0xf8880888 5 5 2 4 12 10 6 14 8 16 18 12 20
0xe8c0a880 0x2ec0ae40 5 7 8 6 12 2 12 4 14 16 18 6 20 2 2 22 6 4 18 10 28 8 30 26 6 2 24 10 36 8 38 34 24 18 42 2 40 44 32 46 48 24 50 18 52 14 54
0xe880e880 0xf888f888 4 5 8 2 6 10 12 6 14 2 12 4 18 2 2 20 16 22 24 12 26 2 28
0xe9a0c088 0x58362ec0 5 8 6 10 10 8 14 12 4 2 16 18 20 8 2 22 24 6 12 4 26 28 30 20 32
0xfca08880 0x0eb8f6c0 5 8 6 10 2 8 14 10 12 2 16 18 14 4 22 8 20 4 12 6 28 26 24 30 32 12 34 22 36
0xe9c0a880 0x567cea40 5 7 8 4 6 4 14 2 12 16 10 8 20 14 14 22 8 6 24 18 28 10 30 26 24 10 34 8 36 16 32 38 4 40 18 6 42 24 46 44 48
0xe881e880 0xf8887888 5 7 2 4 6 8 12 14 10 16 18 12 20 14 22
0x6ac06ac0 0x78887888 4 4 2 4 6 8 12 10 14
0xee84a060 0xe72890a0 5 8 4 10 12 6 2 14 8 4 6 18 20 10 8 22 24 16 26
0xeac86240 0x268cea40 5 6 4 6 12 8 2 14 4 10 16 12 20 18 22
0x6ac8e240 0x6248eac0 5 7 4 2 10 8 14 6 16 12 6 2 20 14 18 22 24 10 26 8 28 12 28 30 8 6 32 24 36 10 38 34 34 4 40 42 2 44 46 32 48 6 50
